-1.000000000000000000e+00 -1.000000000000000000e+00 -1.000000000000000000e+00 4.590000000000000000e+02 3.180000000000000000e+02 1.222464929859719263e+02
7.846596741676330566e+01 7.533891224861145020e+01 -7.050795316696166992e+00 3.090021183490753174e+02 2.697602195739746094e+02 6.449556553363800049e+01
7.893174642324447632e+01 7.398974949121475220e+01 1.914160490036010742e+00 3.030859699249267578e+02 2.636747679710388184e+02 6.670277768373489380e+01
7.930248135328292847e+01 7.291587659716606140e+01 9.049879550933836114e+00 2.983769943714141846e+02 2.588310403823852539e+02 6.845961713790893555e+01
7.960719370841979980e+01 7.203325057029724121e+01 1.491478288173675359e+01 2.945066561698913574e+02 2.548499069213867188e+02 6.990358436107635498e+01
7.986402863264083862e+01 7.128932425379753113e+01 1.985806429386138916e+01 2.912444939613342285e+02 2.514944062232971191e+02 7.112063670158386230e+01
8.008494877815246582e+01 7.064940550923347473e+01 2.411021494865417480e+01 2.884384264945983887e+02 2.486080367565155029e+02 7.216753268241882324e+01
8.027822205424308777e+01 7.008956143260002136e+01 2.783028984069824219e+01 2.859834899902343750e+02 2.460828342437744141e+02 7.308343255519866943e+01
8.044976273179054260e+01 6.959269428253173828e+01 3.113189542293548584e+01 2.838047018051147461e+02 2.438416991233825684e+02 7.389630579948425293e+01
8.060389587283134460e+01 6.914623031020164490e+01 3.409859740734100342e+01 2.818469276428222656e+02 2.418279008865356445e+02 7.462671601772308350e+01
8.074390718340873718e+01 6.874067404866218567e+01 3.679345750808715820e+01 2.800685634613037109e+02 2.399986271858215332e+02 7.529019767045974731e+01
8.087231793999671936e+01 6.836871826648712158e+01 3.926503860950469971e+01 2.784375121593475342e+02 2.383208975791931152e+02 7.589870893955230713e+01
8.099111297726631165e+01 6.802461946010589600e+01 4.155150258541107178e+01 2.769286503791809082e+02 2.367688670158386230e+02 7.646164500713348389e+01
8.110187479853630066e+01 6.770379954576492310e+01 4.368332231044769287e+01 2.755218019485473633e+02 2.353217723369598389e+02 7.698650860786437988e+01
8.120588415861129761e+01 6.740253114700317383e+01 4.568521881103515625e+01 2.742007246017456055e+02 2.339628744125366211e+02 7.747938686609268188e+01
8.130420053005218506e+01 6.711773598194122314e+01 4.757760667800903320e+01 2.729519178867340088e+02 2.326783173084259033e+02 7.794529402256011963e+01
8.139771574735641479e+01 6.684687668085098267e+01 4.937744343280792236e+01 2.717641761302947998e+02 2.314565682411193848e+02 7.838842475414276123e+01
8.148716071248054504e+01 6.658777976036071777e+01 5.109909379482269287e+01 2.706280221939086914e+02 2.302879197597503662e+02 7.881230318546295166e+01
8.157318586111068726e+01 6.633859628438949585e+01 5.275489592552185059e+01 2.695353498458862305e+02 2.291639504432678223e+02 7.921996915340423584e+01
8.165634775161743164e+01 6.609771335124969482e+01 5.435551905632019043e+01 2.684790661334991455e+02 2.280774626731872559e+02 7.961404526233673096e+01
8.173712918162345886e+01 6.586373442411422729e+01 5.591029131412506104e+01 2.674530317783355713e+02 2.270220677852630615e+02 7.999684119224548340e+01
-1.000000000000000000e+00 -1.000000000000000000e+00 -1.000000000000000000e+00 5.400000000000000000e+01 1.760000000000000284e+02 1.603226452905811641e+02
8.611197972297668457e+01 5.319162318110466003e+01 1.401144733428955078e+02 2.118852903842926025e+02 1.698640785217285156e+02 1.007282456159591675e+02
8.650475570559501648e+01 5.205392265319824219e+01 1.476743092536926270e+02 2.068964263200759888e+02 1.647324358224868774e+02 1.025895049571990967e+02
8.694971406459808350e+01 5.076506668329238892e+01 1.562385728359222412e+02 2.012447288036346436e+02 1.589189898967742920e+02 1.046980639696121216e+02
8.745431804656982422e+01 4.930344337224960327e+01 1.659508367776870728e+02 1.948354413509368896e+02 1.523262825012207031e+02 1.070892607569694519e+02
8.802565538883209229e+01 4.764851772785186768e+01 1.769475659132003784e+02 1.875785162448883057e+02 1.448616883754730225e+02 1.097966974377632141e+02
8.866907039284706116e+01 4.578479507565498352e+01 1.893316974639892578e+02 1.794060190916061401e+02 1.364553055763244629e+02 1.128457208871841431e+02
8.938595110177993774e+01 4.370830708742141724e+01 2.031296362876892090e+02 1.703005304336547852e+02 1.270892333984375000e+02 1.162428280115127563e+02
9.017053076624870300e+01 4.143570894002914429e+01 2.182307114601135254e+02 1.603350808620452881e+02 1.168385801315307617e+02 1.199607720375061035e+02
9.100642779469490051e+01 3.901445583999156952e+01 2.343195697069168091e+02 1.497177650928497314e+02 1.059174282550811768e+02 1.239219104647636414e+02
9.186431223154067993e+01 3.652952754497528076e+01 2.508315315246582031e+02 1.388212462663650513e+02 9.470906651020048628e+01 1.279872229099273682e+02
9.270328038930892944e+01 3.409940102696418762e+01 2.669793238639831543e+02 1.281650533676147461e+02 8.374790251255035400e+01 1.319628825187683105e+02
9.347784200310707092e+01 3.185580806434154155e+01 2.818876674175262451e+02 1.183267852067947388e+02 7.362809240818023682e+01 1.356333663463592529e+02
9.414923244714736938e+01 2.991108135879039409e+01 2.948100736141204834e+02 1.097990741729736328e+02 6.485633194446563721e+01 1.388149132728576660e+02
9.469547101855278015e+01 2.832884693145751598e+01 3.053237667083740234e+02 1.028609147071838379e+02 5.771961319446563721e+01 1.414034237861633301e+02
9.511476063728332520e+01 2.711434179544448497e+01 3.133939971923828125e+02 9.753523969650268555e+01 5.224153065681457520e+01 1.433903446197509766e+02
9.542112925648689270e+01 2.622693115472793224e+01 3.192906847000122070e+02 9.364391320943832397e+01 4.823884063959121704e+01 1.448421349525451660e+02
9.563645029067993164e+01 2.560323977470397594e+01 3.234350254535675049e+02 9.090899133682250977e+01 4.542565041780471802e+01 1.458624919652938843e+02
9.578346887230873108e+01 2.517737472057342174e+01 3.262648155689239502e+02 8.904157036542892456e+01 4.350478339195251465e+01 1.465591957569122314e+02
9.588181877136230469e+01 2.489250579476356151e+01 3.281577398777008057e+02 8.779239112138748169e+01 4.221985810995101929e+01 1.470252444744110107e+02
9.594668129086494446e+01 2.470461750030517223e+01 3.294061889648437500e+02 8.696850591897964478e+01 4.137239038944244385e+01 1.473326256275177002e+02
6.500000000000000000e+01 1.060000000000000000e+02 3.507034068136272253e+02 -1.000000000000000000e+00 -1.000000000000000000e+00 -1.000000000000000000e+00
9.625013971328735352e+01 2.382563033699988964e+01 3.352469375133514404e+02 8.311411195993423462e+01 3.740769529342651367e+01 1.487706323862075806e+02
9.618305766582489014e+01 2.401994073390960338e+01 3.339557816982269287e+02 8.396616780757904053e+01 3.828413498401641846e+01 1.484527459144592285e+02
9.614077264070510864e+01 2.414241307973861339e+01 3.331419696807861328e+02 8.450320565700531006e+01 3.883654701709747314e+01 1.482523849010467529e+02
9.611395055055618286e+01 2.422012002766131999e+01 3.326256146430969238e+02 8.484395796060562134e+01 3.918704199790954590e+01 1.481252481937408447e+02
9.609685817360877991e+01 2.426962578296661022e+01 3.322966566085815430e+02 8.506104552745819092e+01 3.941034448146820068e+01 1.480442603826522827e+02
9.608594158291816711e+01 2.430124701559543254e+01 3.320865502357482910e+02 8.519970828294754028e+01 3.955296933650970459e+01 1.479925384521484375e+02
9.607895442843437195e+01 2.432147467136382701e+01 3.319521417617797852e+02 8.528840744495391846e+01 3.964421522617340088e+01 1.479594429731369019e+02
9.607448184490203857e+01 2.433443689346313121e+01 3.318660130500793457e+02 8.534524792432785034e+01 3.970267772674560547e+01 1.479382386207580566e+02
9.607161188125610352e+01 2.434274235367774608e+01 3.318108191490173340e+02 8.538166636228561401e+01 3.974014890193939209e+01 1.479246487617492676e+02
9.606977456808090210e+01 2.434806542098521831e+01 3.317754735946655273e+02 8.540500158071517944e+01 3.976414787769317627e+01 1.479159464836120605e+02
9.606860110163688660e+01 2.435148054361343029e+01 3.317527642250061035e+02 8.541997724771499634e+01 3.977954912185668945e+01 1.479103436470031738e+02
9.606784337759017944e+01 2.435367369651794078e+01 3.317381610870361328e+02 8.542960339784622192e+01 3.978945362567901611e+01 1.479067673683166504e+02
9.606735387444496155e+01 2.435508006811141613e+01 3.317288627624511719e+02 8.543575757741928101e+01 3.979578006267547607e+01 1.479044725894927979e+02
9.606704542040824890e+01 2.435597994923591258e+01 3.317228426933288574e+02 8.543972128629684448e+01 3.979985594749450684e+01 1.479029824733734131e+02
9.606684425473213196e+01 2.435656511783599498e+01 3.317189683914184570e+02 8.544226938486099243e+01 3.980247986316680908e+01 1.479020287990570068e+02
9.606671684980392456e+01 2.435693883895873668e+01 3.317164947986602783e+02 8.544391596317291260e+01 3.980417037010192871e+01 1.479014327526092529e+02
9.606663638353347778e+01 2.435716995596885326e+01 3.317149748802185059e+02 8.544492924213409424e+01 3.980520749092102051e+01 1.479010453224182129e+02
9.606658273935317993e+01 2.435731747746467235e+01 3.317139616012573242e+02 8.544558489322662354e+01 3.980588161945343018e+01 1.479008069038391113e+02
9.606654921174049377e+01 2.435742074251174571e+01 3.317132761478424072e+02 8.544603192806243896e+01 3.980634832382202148e+01 1.479006280899047852e+02
9.606652909517288208e+01 2.435747975111007335e+01 3.317128887176513672e+02 8.544629269838333130e+01 3.980661797523498535e+01 1.479005386829376221e+02
2.190000000000000000e+02 4.300000000000000000e+01 2.304809619238476870e+01 -1.000000000000000000e+00 -1.000000000000000000e+00 -1.000000000000000000e+00
9.122011268138885498e+01 3.839549989998340607e+01 2.384324243068695068e+02 1.470036228895187378e+02 1.031256130933761597e+02 1.249345114231109619e+02
9.207744726538658142e+01 3.591216729581356049e+01 2.549337913990020752e+02 1.361141076087951660e+02 9.192444896697996626e+01 1.289972236156463623e+02
9.290453323721885681e+01 3.351645508408546448e+01 2.708529403209686279e+02 1.256087889671325684e+02 8.111849528551101685e+01 1.329165717363357544e+02
9.365643689036369324e+01 3.133850181102752330e+01 2.853250672817230225e+02 1.160583814382553101e+02 7.129477280378341675e+01 1.364796777963638306e+02
9.429782012104988098e+01 2.948068001866340282e+01 2.976700236797332764e+02 1.079117527008056641e+02 6.291499733924865723e+01 1.395190527439117432e+02
9.481177830696105957e+01 2.799195946753024700e+01 3.075623383522033691e+02 1.013836433887481689e+02 5.620006525516510010e+01 1.419545730352401733e+02
9.520109423995018005e+01 2.686426827311515453e+01 3.150556554794311523e+02 9.643867069482803345e+01 5.111357361078262329e+01 1.437994560003280640e+02
9.548253172636032104e+01 2.604906694591045024e+01 3.204725553989410400e+02 9.286397153139114380e+01 4.743657582998275757e+01 1.451331248283386230e+02
9.567873531579971313e+01 2.548074284195899608e+01 3.242489864826202393e+02 9.037183427810668945e+01 4.487311911582946777e+01 1.460628976821899414e+02
9.581192710995674133e+01 2.509493970870971324e+01 3.268125822544097900e+02 8.868009054660797119e+01 4.313296002149581909e+01 1.466940661668777466e+02
9.590066128969192505e+01 2.483791792392730358e+01 3.285204639434814453e+02 8.755302631855010986e+01 4.197364044189453125e+01 1.471145471334457397e+02
9.595902615785598755e+01 2.466885583102702739e+01 3.296438326835632324e+02 8.681168609857559204e+01 4.121108180284500122e+01 1.473911275863647461e+02
9.599708670377731323e+01 2.455861301720142009e+01 3.303764035701751709e+02 8.632826262712478638e+01 4.071382904052734375e+01 1.475714912414550781e+02
9.602176973223686218e+01 2.448711672425269725e+01 3.308514823913574219e+02 8.601475709676742554e+01 4.039134669303894043e+01 1.476884504556655884e+02
9.603771546483039856e+01 2.444093266129493358e+01 3.311583867073059082e+02 8.581222796440124512e+01 4.018302541971206665e+01 1.477640142440795898e+02
9.604799503087997437e+01 2.441116528213023784e+01 3.313561549186706543e+02 8.568170124292373657e+01 4.004876494407653809e+01 1.478127112388610840e+02
9.605460667610168457e+01 2.439200961589812877e+01 3.314834406375885010e+02 8.559771084785461426e+01 3.996236240863800049e+01 1.478440483808517456e+02
9.605885797739028931e+01 2.437969648838042858e+01 3.315652480125427246e+02 8.554370903968811035e+01 3.990682458877563477e+01 1.478641947507858276e+02
9.606158712506294250e+01 2.437178933620452526e+01 3.316178193092346191e+02 8.550904148817062378e+01 3.987115800380706787e+01 1.478771289587020874e+02
9.606334397196769714e+01 2.436670476198196056e+01 3.316515853404998779e+02 8.548674190044403076e+01 3.984822726249694824e+01 1.478854438066482544e+02
2.600000000000000000e+02 0.000000000000000000e+00 2.244509018036071950e+02 -1.000000000000000000e+00 -1.000000000000000000e+00 -1.000000000000000000e+00
9.539775380492210388e+01 2.629463860392570140e+01 3.188407888412475586e+02 9.394081139564514160e+01 4.854423123598098755e+01 1.447313746213912964e+02
9.562027657032012939e+01 2.565008768439292552e+01 3.231237103939056396e+02 9.111443364620208740e+01 4.563697415590286255e+01 1.457858403921127319e+02
9.577255228161811829e+01 2.520901070535182598e+01 3.260546197891235352e+02 8.918028527498245239e+01 4.364747047424316406e+01 1.465074440240859985e+02
9.587457010149955750e+01 2.491350302100181224e+01 3.280182054042816162e+02 8.788447284698486328e+01 4.231456798315048218e+01 1.469908972978591919e+02
9.594192707538604736e+01 2.471839600801467540e+01 3.293146660327911377e+02 8.702892267704010010e+01 4.143453466892242432e+01 1.473100801706314087e+02
9.598596224188804626e+01 2.459083662927150371e+01 3.301622738838195801e+02 8.646956288814544678e+01 4.085917115211486816e+01 1.475187709331512451e+02
9.601456800103187561e+01 2.450798118114471080e+01 3.307128419876098633e+02 8.610624277591705322e+01 4.048545503616333008e+01 1.476543118953704834e+02
9.603306853771209717e+01 2.445440137386321666e+01 3.310688605308532715e+02 8.587128871679306030e+01 4.024377477169036865e+01 1.477419754266738892e+02
9.604499766230583191e+01 2.441984200477599742e+01 3.312985172271728516e+02 8.571975135803222656e+01 4.008789551258087158e+01 1.477985104322433472e+02
9.605268219113349915e+01 2.439759084582328441e+01 3.314463665485382080e+02 8.562217855453491211e+01 3.998753333091735840e+01 1.478349139690399170e+02
9.605761745572090149e+01 2.438328126072883251e+01 3.315414359569549561e+02 8.555942976474761963e+01 3.992299330234527588e+01 1.478583236932754517e+02
9.606079587340354919e+01 2.437408821284770610e+01 3.316025307178497314e+02 8.551911467313766479e+01 3.988151884078979492e+01 1.478733589649200439e+02
9.606282764673233032e+01 2.436818981170653942e+01 3.316417207717895508e+02 8.549324625730514526e+01 3.985490632057189941e+01 1.478830149173736572e+02
9.606414192914962769e+01 2.436439850926398876e+01 3.316669335365295410e+02 8.547662401199340820e+01 3.983781456947326660e+01 1.478892138004302979e+02
9.606498011946678162e+01 2.436196440458297374e+01 3.316830863952636719e+02 8.546595478057861328e+01 3.982684183120727539e+01 1.478932073116302490e+02
9.606551656126976013e+01 2.436040067672729137e+01 3.316934874057769775e+02 8.545909279584884644e+01 3.981977903842926025e+01 1.478957554101943970e+02
9.606586524844169617e+01 2.435939753055572154e+01 3.317001333236694336e+02 8.545470440387725830e+01 3.981526756286621094e+01 1.478973945379257202e+02
9.606608653068542480e+01 2.435875335335731151e+01 3.317044248580932617e+02 8.545187318325042725e+01 3.981235325336456299e+01 1.478984525203704834e+02
9.606622734665870667e+01 2.435834521055221202e+01 3.317071368694305420e+02 8.545007759332656860e+01 3.981051754951477051e+01 1.478991230726242065e+02
9.606632122397422791e+01 2.435807967185973766e+01 3.317088952064514160e+02 8.544890785217285156e+01 3.980931448936462402e+01 1.478995552062988281e+02
1.500000000000000000e+01 8.500000000000000000e+01 4.068156312625250166e+02 8.000000000000000000e+00 1.090000000000000000e+02 4.068156312625250166e+02
9.788341054320335388e+01 1.909473152458667755e+01 3.666830530166625977e+02 6.236890161037445068e+01 1.606878924369812012e+01 1.565103253126144409e+02
9.710896962881088257e+01 2.133795076608657482e+01 3.517771830558776855e+02 7.220552319288253784e+01 2.618691921234130859e+01 1.528404524326324463e+02
9.669447445869445801e+01 2.253858642280101421e+01 3.437991609573364258e+02 7.747036421298980713e+01 3.160243225097656250e+01 1.508762260675430298e+02
9.645454415678977966e+01 2.323356510698794963e+01 3.391811122894287109e+02 8.051787519454956055e+01 3.473715066909790039e+01 1.497392525672912598e+02
9.630979204177856445e+01 2.365283840894698741e+01 3.363951315879821777e+02 8.235640281438827515e+01 3.662829899787902832e+01 1.490533223152160645e+02
9.622037389874458313e+01 2.391185419261455181e+01 3.346739878654479980e+02 8.349219912290573120e+01 3.779660522937774658e+01 1.486295779943466187e+02
9.616433584690093994e+01 2.407416717708110454e+01 3.335954418182373047e+02 8.420395308732986450e+01 3.852871918678283691e+01 1.483640244007110596e+02
9.612891727685928345e+01 2.417677329480647686e+01 3.329136838912963867e+02 8.465387874841690063e+01 3.899152398109436035e+01 1.481961777210235596e+02
9.610640013217926025e+01 2.424198763072490337e+01 3.324803283214569092e+02 8.493984693288803101e+01 3.928567218780517578e+01 1.480894854068756104e+02
9.609203690290451050e+01 2.428358623385429027e+01 3.322039117813110352e+02 8.512225204706192017e+01 3.947329771518707275e+01 1.480214318037033081e+02
9.608286374807357788e+01 2.431016960740089061e+01 3.320272734165191650e+02 8.523882383108139038e+01 3.959320962429046631e+01 1.479779353141784668e+02
9.607698300480842590e+01 2.432718867063521984e+01 3.319141736030578613e+02 8.531346374750137329e+01 3.966998767852783203e+01 1.479500999450683594e+02
9.607322120666503906e+01 2.433809542655944469e+01 3.318416943550109863e+02 8.536129647493362427e+01 3.971917831897735596e+01 1.479322483539581299e+02
9.607080721855163574e+01 2.434509040415286663e+01 3.317952027320861816e+02 8.539195561408996582e+01 3.975072753429412842e+01 1.479208042621612549e+02
9.606925824284553528e+01 2.434957259893417003e+01 3.317654302120208740e+02 8.541161769628524780e+01 3.977095139026641846e+01 1.479134728908538818e+02
9.606826582551002502e+01 2.435245172679423931e+01 3.317462971210479736e+02 8.542423897981643677e+01 3.978393614292144775e+01 1.479087641239166260e+02
9.606762880086898804e+01 2.435429328680038097e+01 3.317340483665466309e+02 8.543232285976409912e+01 3.979224348068237305e+01 1.479057540893554688e+02
9.606721976399421692e+01 2.435547837615012767e+01 3.317261805534362793e+02 8.543751591444015503e+01 3.979758465290069580e+01 1.479038169384002686e+02
9.606695824861526489e+01 2.435624057054519298e+01 3.317211141586303711e+02 8.544086122512817383e+01 3.980102789402008057e+01 1.479025652408599854e+02
9.606678390502929688e+01 2.435672985017299297e+01 3.317178955078125000e+02 8.544299954175949097e+01 3.980322659015655518e+01 1.479017605781555176e+02
2.280000000000000284e+02 2.800000000000000000e+01 2.104228456913827472e+02 2.610000000000000000e+02 6.100000000000000711e+01 2.104228456913827472e+02
9.198397228121757507e+01 3.618292087316513062e+01 2.531346848011016846e+02 1.373013576269149780e+02 9.314568984508512983e+01 1.285542716979980469e+02
9.281663054227828979e+01 3.377105751633644104e+01 2.691611518859863281e+02 1.267252435684204102e+02 8.226689398288726807e+01 1.325000395774841309e+02
9.357878693938255310e+01 3.156341308355331066e+01 2.838306000232696533e+02 1.170446147918701172e+02 7.230922734737396240e+01 1.361117234230041504e+02
9.423350745439529419e+01 2.966696278750896099e+01 2.964321842193603516e+02 1.087286045551300049e+02 6.375522595643997192e+01 1.392142941951751709e+02
9.476164782047271729e+01 2.813717225193977001e+01 3.065973987579345703e+02 1.020204147100448608e+02 5.685505890846252441e+01 1.417170038223266602e+02
9.516401270031929016e+01 2.697169342637061717e+01 3.143418600559234619e+02 9.690972620248794556e+01 5.159811127185821533e+01 1.436237266063690186e+02
9.545622596144676208e+01 2.612526917457580211e+01 3.199662139415740967e+02 9.319811517000198364e+01 4.778028285503387451e+01 1.450084617137908936e+02
9.566065722703933716e+01 2.553311543166637065e+01 3.239009847640991211e+02 9.060150587558746338e+01 4.510935968160629272e+01 1.459772160053253174e+02
9.579977670311927795e+01 2.513013833761214855e+01 3.265786936283111572e+02 8.883442932367324829e+01 4.329171729087829590e+01 1.466364731788635254e+02
9.589262807369232178e+01 2.486120173335075023e+01 3.283657302856445312e+02 8.765513652563095093e+01 4.207866966724395752e+01 1.470764597654342651e+02
9.595376902818679810e+01 2.468410217761993053e+01 3.295425345897674561e+02 8.687854015827178955e+01 4.127985328435897827e+01 1.473661830425262451e+02
9.599366688728332520e+01 2.456852154433726909e+01 3.303105702400207520e+02 8.637171441316604614e+01 4.075851857662200928e+01 1.475552787780761719e+02
9.601955690979957581e+01 2.449353636801242473e+01 3.308088054656982422e+02 8.604289793968200684e+01 4.042029792070388794e+01 1.476779451370239258e+02
9.603628718852996826e+01 2.444507801532745006e+01 3.311308195590972900e+02 8.583041483163833618e+01 4.020172989368438721e+01 1.477572193145751953e+02
9.604706966876983643e+01 2.441383542120456340e+01 3.313384225368499756e+02 8.569340610504150391e+01 4.006080591678619385e+01 1.478083451986312866e+02
9.605401659011840820e+01 2.439372578263282421e+01 3.314720263481140137e+02 8.560522848367691040e+01 3.997009932994842529e+01 1.478412320613861084e+02
9.605847576260566711e+01 2.438079798221587779e+01 3.315579464435577393e+02 8.554853701591491699e+01 3.991179239749908447e+01 1.478623917102813721e+02
9.606134572625160217e+01 2.437249252200126293e+01 3.316131403446197510e+02 8.551211857795715332e+01 3.987433159351348877e+01 1.478759815692901611e+02
9.606318303942680359e+01 2.436715716123580577e+01 3.316485753059387207e+02 8.548873120546340942e+01 3.985027039051055908e+01 1.478846987485885620e+02
9.606436991691589355e+01 2.436373466253280284e+01 3.316713144779205322e+02 8.547372573614120483e+01 3.983482766151428223e+01 1.478903015851974487e+02
-1.000000000000000000e+00 -1.000000000000000000e+00 -1.000000000000000000e+00 4.590000000000000000e+02 3.180000000000000000e+02 1.222464929859719263e+02
7.846596741676330566e+01 7.533891224861145020e+01 -7.050795316696166992e+00 3.090021183490753174e+02 2.697602195739746094e+02 6.449556553363800049e+01
7.893174642324447632e+01 7.398974949121475220e+01 1.914160490036010742e+00 3.030859699249267578e+02 2.636747679710388184e+02 6.670277768373489380e+01
7.930248135328292847e+01 7.291587659716606140e+01 9.049879550933836114e+00 2.983769943714141846e+02 2.588310403823852539e+02 6.845961713790893555e+01
7.960719370841979980e+01 7.203325057029724121e+01 1.491478288173675359e+01 2.945066561698913574e+02 2.548499069213867188e+02 6.990358436107635498e+01
7.986402863264083862e+01 7.128932425379753113e+01 1.985806429386138916e+01 2.912444939613342285e+02 2.514944062232971191e+02 7.112063670158386230e+01
8.008494877815246582e+01 7.064940550923347473e+01 2.411021494865417480e+01 2.884384264945983887e+02 2.486080367565155029e+02 7.216753268241882324e+01
8.027822205424308777e+01 7.008956143260002136e+01 2.783028984069824219e+01 2.859834899902343750e+02 2.460828342437744141e+02 7.308343255519866943e+01
8.044976273179054260e+01 6.959269428253173828e+01 3.113189542293548584e+01 2.838047018051147461e+02 2.438416991233825684e+02 7.389630579948425293e+01
8.060389587283134460e+01 6.914623031020164490e+01 3.409859740734100342e+01 2.818469276428222656e+02 2.418279008865356445e+02 7.462671601772308350e+01
8.074390718340873718e+01 6.874067404866218567e+01 3.679345750808715820e+01 2.800685634613037109e+02 2.399986271858215332e+02 7.529019767045974731e+01
8.087231793999671936e+01 6.836871826648712158e+01 3.926503860950469971e+01 2.784375121593475342e+02 2.383208975791931152e+02 7.589870893955230713e+01
8.099111297726631165e+01 6.802461946010589600e+01 4.155150258541107178e+01 2.769286503791809082e+02 2.367688670158386230e+02 7.646164500713348389e+01
8.110187479853630066e+01 6.770379954576492310e+01 4.368332231044769287e+01 2.755218019485473633e+02 2.353217723369598389e+02 7.698650860786437988e+01
8.120588415861129761e+01 6.740253114700317383e+01 4.568521881103515625e+01 2.742007246017456055e+02 2.339628744125366211e+02 7.747938686609268188e+01
8.130420053005218506e+01 6.711773598194122314e+01 4.757760667800903320e+01 2.729519178867340088e+02 2.326783173084259033e+02 7.794529402256011963e+01
8.139771574735641479e+01 6.684687668085098267e+01 4.937744343280792236e+01 2.717641761302947998e+02 2.314565682411193848e+02 7.838842475414276123e+01
8.148716071248054504e+01 6.658777976036071777e+01 5.109909379482269287e+01 2.706280221939086914e+02 2.302879197597503662e+02 7.881230318546295166e+01
8.157318586111068726e+01 6.633859628438949585e+01 5.275489592552185059e+01 2.695353498458862305e+02 2.291639504432678223e+02 7.921996915340423584e+01
8.165634775161743164e+01 6.609771335124969482e+01 5.435551905632019043e+01 2.684790661334991455e+02 2.280774626731872559e+02 7.961404526233673096e+01
8.173712918162345886e+01 6.586373442411422729e+01 5.591029131412506104e+01 2.674530317783355713e+02 2.270220677852630615e+02 7.999684119224548340e+01
8.200000000000000000e+01 2.900000000000000000e+01 4.108416833667334345e+01 2.760000000000000000e+02 2.920000000000000000e+02 4.108416833667334345e+01
8.057217875123023987e+01 6.923810178041458130e+01 3.348809683322906494e+01 2.822497954368591309e+02 2.422422928810119629e+02 7.447640800476074219e+01
8.071497955918312073e+01 6.882446625828742981e+01 3.623666071891784668e+01 2.804359962940216064e+02 2.403765954971313477e+02 7.515311443805694580e+01
8.084569031000137329e+01 6.844584742188453674e+01 3.875252807140350342e+01 2.787757387161254883e+02 2.386687893867492676e+02 7.577252590656280518e+01
8.096640312671661377e+01 6.809620180726051331e+01 4.107587242126464844e+01 2.772425284385681152e+02 2.370917019844055176e+02 7.634455168247222900e+01
8.107876086235046387e+01 6.777073496580123901e+01 4.323853754997253418e+01 2.758153548240661621e+02 2.356236782073974609e+02 7.687699997425079346e+01
8.118411803245544434e+01 6.746556216478347778e+01 4.526639187335968018e+01 2.744771113395690918e+02 2.342471699714660645e+02 7.737627083063125610e+01
8.128358104825019836e+01 6.717747235298156738e+01 4.718066954612731934e+01 2.732138504981994629e+02 2.329477612972259521e+02 7.784757220745086670e+01
8.137805515527725220e+01 6.690382489562034607e+01 4.899902844429016113e+01 2.720138897895812988e+02 2.317134423255920410e+02 7.829526269435882568e+01
8.146831148862838745e+01 6.664237254858016968e+01 5.073635482788085938e+01 2.708673944473266602e+02 2.305341529846191406e+02 7.872299307584762573e+01
8.155502730607986450e+01 6.639120244979858398e+01 5.240531468391418457e+01 2.697660198211669922e+02 2.294012436866760254e+02 7.913390004634857178e+01
8.163875916600227356e+01 6.614866727590560913e+01 5.401693487167358398e+01 2.687024941444396973e+02 2.283072886466979980e+02 7.953068816661834717e+01
8.172000998258590698e+01 6.591331639885902405e+01 5.558081173896789551e+01 2.676704695224761963e+02 2.272457332611083984e+02 7.991571927070617676e+01
8.179922902584075928e+01 6.568385654687881470e+01 5.710552835464477539e+01 2.666642835140228271e+02 2.262107489109039307e+02 8.029110932350158691e+01
8.187680521607398987e+01 6.545914196968078613e+01 5.859872901439666748e+01 2.656788995265960693e+02 2.251971499919891357e+02 8.065874332189559937e+01
8.195311406254768372e+01 6.523810559511184692e+01 6.006747686862945557e+01 2.647096385955810547e+02 2.242001657485961914e+02 8.102035725116729736e+01
8.202849084138870239e+01 6.501977378129959106e+01 6.151826882362365723e+01 2.637522389888763428e+02 2.232153573036193848e+02 8.137755298614501953e+01
8.210325741767883301e+01 6.480321714282035828e+01 6.295724415779113770e+01 2.628026475906372070e+02 2.222385761737823486e+02 8.173182809352874756e+01
8.217770212888717651e+01 6.458757513761520386e+01 6.439016962051391602e+01 2.618570199012756348e+02 2.212659020423889160e+02 8.208462053537368774e+01
8.225213342905044556e+01 6.437198230624198914e+01 6.582272255420684814e+01 2.609116604328155518e+02 2.202934975624084473e+02 8.243732357025146484e+01
8.232683295011520386e+01 6.415560761094093323e+01 6.726049089431762695e+01 2.599628438949584961e+02 2.193175253868103027e+02 8.279130065441131592e+01
0.000000000000000000e+00 0.000000000000000000e+00 7.815831663326652290e+01 2.870000000000000000e+02 1.989999999999999716e+02 7.815831663326652290e+01
8.359041491150856018e+01 6.049553537368774414e+01 9.158111566305160522e+01 2.439132651090621948e+02 2.028086361885070801e+02 8.877913856506347656e+01
8.371563383936882019e+01 6.013282918930053711e+01 9.399125182628631592e+01 2.423227747678756714e+02 2.011726195812225342e+02 8.937252515554428101e+01
8.384961017966270447e+01 5.974475914239883423e+01 9.656990522146224976e+01 2.406210770606994629e+02 1.994222292900085449e+02 9.000739657878875732e+01
8.399363139271736145e+01 5.932759785652160645e+01 9.934188628196716309e+01 2.387918105125427246e+02 1.975406017303466797e+02 9.068986976146697998e+01
8.414919281005859375e+01 5.887698853015899658e+01 1.023361032605171204e+02 2.368158569335937500e+02 1.955081145763397217e+02 9.142706000804901123e+01
8.431807139515876770e+01 5.838782691955566406e+01 1.055865159034729004e+02 2.346708645820617676e+02 1.933017230033874512e+02 9.222732686996459961e+01
8.450233244895935059e+01 5.785409414768218994e+01 1.091330742239952087e+02 2.323304286003112793e+02 1.908943166732788086e+02 9.310050511360168457e+01
8.470443689823150635e+01 5.726869443058967590e+01 1.130229776501655579e+02 2.297634204626083374e+02 1.882538485527038574e+02 9.405821019411087036e+01
8.492727482318878174e+01 5.662321412563323975e+01 1.173120831847190857e+02 2.269329597949981689e+02 1.853424015045166016e+02 9.511420333385467529e+01
8.517429286241531372e+01 5.590771520137786865e+01 1.220664774775505066e+02 2.237954607009887695e+02 1.821150889396667480e+02 9.628475660085678101e+01
8.544954785704612732e+01 5.511042052507400513e+01 1.273643841743469238e+02 2.202992906570434570e+02 1.785188724994659424e+02 9.758912229537963867e+01
8.575781413912773132e+01 5.421749258041381836e+01 1.332977583408355713e+02 2.163837572336196899e+02 1.744912760257720947e+02 9.904994273185729980e+01
8.610467070341110229e+01 5.321280235052108765e+01 1.399737467765808105e+02 2.119781544208526611e+02 1.699595869779586792e+02 1.006936004161834717e+02
8.649648109078407288e+01 5.207788506150245667e+01 1.475151052474975586e+02 2.070014944076538086e+02 1.648405141830444336e+02 1.025503074526786804e+02
8.694033303856849670e+01 5.079223030805587769e+01 1.560580601692199707e+02 2.013638486862182617e+02 1.590415257215499878e+02 1.046536212563514709e+02
8.744368308782577515e+01 4.933424094319343567e+01 1.657461842298507690e+02 1.949704905748367310e+02 1.524652048349380493e+02 1.070388724803924561e+02
8.801363909244537354e+01 4.768332296609878540e+01 1.767162849903106689e+02 1.877311488389968872e+02 1.450186773538589478e+02 1.097397526502609253e+02
8.865559899806976318e+01 4.582383418083190918e+01 1.890723129510879517e+02 1.795771887302398682e+02 1.366313775777816772e+02 1.127818619608879089e+02
8.937104472517967224e+01 4.375148662924766541e+01 2.028427293300628662e+02 1.704898645877838135e+02 1.272839839458465576e+02 1.161721890568733215e+02
9.015439727902412415e+01 4.148242899775505066e+01 2.179202606678009033e+02 1.605399420261383057e+02 1.170493230819702148e+02 1.198843365311622620e+02
1.000000000000000000e+00 8.100000000000000000e+01 3.597214428857715234e+02 -1.000000000000000000e+00 -1.000000000000000000e+00 -1.000000000000000000e+00
9.631334596872329712e+01 2.364255861937999370e+01 3.364634385108947754e+02 8.231132680177688599e+01 3.658192932605743408e+01 1.490701308250427246e+02
9.622258001565933228e+01 2.390545175969600322e+01 3.347165455818176270e+02 8.346412533521652222e+01 3.776772141456604004e+01 1.486400535106658936e+02
9.616573059558868408e+01 2.407013246417045238e+01 3.336222639083862305e+02 8.418625795841217041e+01 3.851051771640777588e+01 1.483706405162811279e+02
9.612979570031166077e+01 2.417421379685401561e+01 3.329306712150573730e+02 8.464265817403793335e+01 3.897998082637786865e+01 1.482003500461578369e+02
9.610696339607238770e+01 2.424035751819610240e+01 3.324911465644836426e+02 8.493269437551498413e+01 3.927831900119781494e+01 1.480921527147293091e+02
9.609239900112152100e+01 2.428254374861716869e+01 3.322108259201049805e+02 8.511768484115600586e+01 3.946859955787658691e+01 1.480231305360794067e+02
9.608309173583984375e+01 2.430951067805289867e+01 3.320316543579101562e+02 8.523593300580978394e+01 3.959023308753967285e+01 1.479790230989456177e+02
9.607713052630424500e+01 2.432676823437213542e+01 3.319169750213623047e+02 8.531161600351333618e+01 3.966808974742889404e+01 1.479507853984832764e+02
9.607331508398056030e+01 2.433782742917537334e+01 3.318434824943542480e+02 8.536011183261871338e+01 3.971796488761901855e+01 1.479326953887939453e+02
9.607086756825447083e+01 2.434491583704948070e+01 3.317963948249816895e+02 8.539118820428848267e+01 3.974993932247161865e+01 1.479211022853851318e+02
9.606929847598075867e+01 2.434945949912070873e+01 3.317661752700805664e+02 8.541111105680465698e+01 3.977043282985687256e+01 1.479136666059494019e+02
9.606828594207763672e+01 2.435238042473792675e+01 3.317467739582061768e+02 8.542392605543136597e+01 3.978360426425933838e+01 1.479088833332061768e+02
9.606764221191406250e+01 2.435425394773482921e+01 3.317343463897705078e+02 8.543213659524917603e+01 3.979205679893493652e+01 1.479058136940002441e+02
9.606722646951675415e+01 2.435545378923415782e+01 3.317263593673706055e+02 8.543739670515060425e+01 3.979746019840240479e+01 1.479038467407226562e+02
9.606695824861526489e+01 2.435622090101241710e+01 3.317212333679199219e+02 8.544077181816101074e+01 3.980093455314636230e+01 1.479025950431823730e+02
9.606679061055183411e+01 2.435671755671500804e+01 3.317179551124572754e+02 8.544294738769531250e+01 3.980317473411560059e+01 1.479017903804779053e+02
9.606668332219123840e+01 2.435703472793101909e+01 3.317158689498901367e+02 8.544434064626693726e+01 3.980460596084594727e+01 1.479012688398361206e+02
9.606660956144332886e+01 2.435723388195037487e+01 3.317144980430603027e+02 8.544521981477737427e+01 3.980550825595855713e+01 1.479009410142898560e+02
9.606656262278556824e+01 2.435736910998820903e+01 3.317136039733886719e+02 8.544580096006393433e+01 3.980610978603363037e+01 1.479007174968719482e+02
9.606653580069541931e+01 2.435745516419410350e+01 3.317130675315856934e+02 8.544617348909378052e+01 3.980649352073669434e+01 1.479005833864212036e+02
1.100000000000000000e+02 1.600000000000000000e+01 9.619438877755509054e+01 1.350000000000000000e+02 3.250000000000000000e+02 9.619438877755509054e+01
8.415104353427886963e+01 5.887163841724395752e+01 1.023716425299644470e+02 2.367924025058746338e+02 1.954839911460876465e+02 9.143580698966979980e+01
8.432007634639739990e+01 5.838200473785400391e+01 1.056251918673515320e+02 2.346453388929367065e+02 1.932754838466644287e+02 9.223684871196746826e+01
8.450453186035156250e+01 5.784773105382919312e+01 1.091753711700439453e+02 2.323025187253952026e+02 1.908656091690063477e+02 9.311091357469558716e+01
8.470685088634490967e+01 5.726169207692146301e+01 1.130694990754127502e+02 2.297327240705490112e+02 1.882222785949707031e+02 9.406966173648834229e+01
8.492994362115859985e+01 5.661547416448593140e+01 1.173635070919990540e+02 2.268990298509597778e+02 1.853074712753295898e+02 9.512686932086944580e+01
8.517726340889930725e+01 5.589910978078842163e+01 1.221236457824707031e+02 2.237577309608459473e+02 1.820763006210327148e+02 9.629883074760437012e+01
8.545286038517951965e+01 5.510080704092979431e+01 1.274282505512237549e+02 2.202571501731872559e+02 1.784755208492279053e+02 9.760484302043914795e+01
8.576153570413589478e+01 5.420670384168624878e+01 1.333694329261779785e+02 2.163364460468292236e+02 1.744426143169403076e+02 9.906758570671081543e+01
8.610886836051940918e+01 5.320063674449920654e+01 1.400546004772186279e+02 2.119248082637786865e+02 1.699047129154205322e+02 1.007135009169578552e+02
8.650123530626296997e+01 5.206411638855934143e+01 1.476065685749053955e+02 2.069411149024963379e+02 1.647784113883972168e+02 1.025728305578231812e+02
8.694572427868843079e+01 5.077662253379821777e+01 1.561617722511291504e+02 2.012953927516937256e+02 1.589711155891418457e+02 1.046791543960571289e+02
8.744979181885719299e+01 4.931654328107833862e+01 1.658637692928314209e+02 1.948929002285003662e+02 1.523853880167007446e+02 1.070678254365921021e+02
8.802053907513618469e+01 4.766332396864891052e+01 1.768491586446762085e+02 1.876434555053710938e+02 1.449284789562225342e+02 1.097724681496620178e+02
8.866333717107772827e+01 4.580140599608421326e+01 1.892213394641876221e+02 1.794788410663604736e+02 1.365302168130874634e+02 1.128185486197471619e+02
8.937960767745971680e+01 4.372667843103408813e+01 2.030075808763504028e+02 1.703810712099075317e+02 1.271720889806747437e+02 1.162127798199653625e+02
9.016367101669311523e+01 4.145558008551597595e+01 2.180986573696136475e+02 1.604222228527069092e+02 1.169282288551330566e+02 1.199282577037811279e+02
9.099923947453498840e+01 3.903528095781803131e+01 2.341811826229095459e+02 1.498090943098068237e+02 1.060113706588745117e+02 1.238878389596939087e+02
9.185709708929061890e+01 3.655043134093284607e+01 2.506926229000091553e+02 1.389129182100296021e+02 9.480336153507231245e+01 1.279530247449874878e+02
9.269640722870826721e+01 3.411929430067539215e+01 2.668471505641937256e+02 1.282522698640823364e+02 8.383762902021408081e+01 1.319303383827209473e+02
9.347169974446296692e+01 3.187360653281211498e+01 2.817693819999694824e+02 1.184048374891281128e+02 7.370837074518203735e+01 1.356042494773864746e+02
0.000000000000000000e+00 1.180000000000000142e+02 3.336693386773546308e+02 -1.000000000000000000e+00 -1.000000000000000000e+00 -1.000000000000000000e+00
9.577617326378822327e+01 2.519852192699908855e+01 3.261242976188659668e+02 8.913429284095764160e+01 4.360016220808029175e+01 1.465246101617813110e+02
9.587697738409042358e+01 2.490653508901595714e+01 3.280644884109497070e+02 8.785391801595687866e+01 4.228314840793609619e+01 1.470022966861724854e+02
9.594350287318229675e+01 2.471382530033588054e+01 3.293450345993041992e+02 8.700887316465377808e+01 4.141391670703887939e+01 1.473175605535507202e+02
9.598698818683624268e+01 2.458786407113074901e+01 3.301820328235626221e+02 8.645653182268142700e+01 4.084576636552810669e+01 1.475236287117004395e+02
9.601523184776306152e+01 2.450606340169906261e+01 3.307255973815917969e+02 8.609783107042312622e+01 4.047680026292800903e+01 1.476574560403823853e+02
9.603349769115447998e+01 2.445315973460673931e+01 3.310771157741546631e+02 8.586584979295730591e+01 4.023817950487136841e+01 1.477440019845962524e+02
9.604527258872985840e+01 2.441904293000697734e+01 3.313038220405578613e+02 8.571624213457107544e+01 4.008428633213043213e+01 1.477998217344284058e+02
9.605285653471946716e+01 2.439707943797111156e+01 3.314497640132904053e+02 8.561992847919464111e+01 3.998522055149078369e+01 1.478357484340667725e+02
9.605773144960403442e+01 2.438295425474643352e+01 3.315436115264892578e+02 8.555799180269241333e+01 3.992151021957397461e+01 1.478588601350784302e+02
9.606086963415145874e+01 2.437387676537036540e+01 3.316039314270019531e+02 8.551819080114364624e+01 3.988057506084442139e+01 1.478737165927886963e+02
9.606288129091262817e+01 2.436804720759391429e+01 3.316426744461059570e+02 8.549262785911560059e+01 3.985427367687225342e+01 1.478832533359527588e+02
9.606416875123977661e+01 2.436430262029170635e+01 3.316675593852996826e+02 8.547620677947998047e+01 3.983738934993743896e+01 1.478893777132034302e+02
9.606500023603439331e+01 2.436190047860145214e+01 3.316835036277770996e+02 8.546567165851593018e+01 3.982655143737792969e+01 1.478933116197586060e+02
9.606552997231483459e+01 2.436036133766173961e+01 3.316937556266784668e+02 8.545892143249511719e+01 3.981960272789001465e+01 1.478958299160003662e+02
9.606587195396423340e+01 2.435937294363975170e+01 3.317003121376037598e+02 8.545458519458770752e+01 3.981514310836791992e+01 1.478974392414093018e+02
9.606609323620796204e+01 2.435874351859092357e+01 3.317045142650604248e+02 8.545182102918624878e+01 3.981230139732360840e+01 1.478984823226928711e+02
9.606623405218124390e+01 2.435833045840263011e+01 3.317072560787200928e+02 8.545001053810119629e+01 3.981044495105743408e+01 1.478991528749465942e+02
9.606632122397422791e+01 2.435806983709334972e+01 3.317089846134185791e+02 8.544887059926986694e+01 3.980926263332366943e+01 1.478995701074600220e+02
9.606638157367706299e+01 2.435790264606475475e+01 3.317100872993469238e+02 8.544814044237136841e+01 3.980851590633392334e+01 1.478998532295227051e+02
9.606642180681228638e+01 2.435779446363448741e+01 3.317108025550842285e+02 8.544766360521316528e+01 3.980801808834075928e+01 1.479000320434570312e+02
-1.000000000000000000e+00 -1.000000000000000000e+00 -1.000000000000000000e+00 2.650000000000000000e+02 3.220000000000000000e+02 1.382785571142284482e+02
7.941623383760452271e+01 7.258639225363731384e+01 1.123924756050109686e+01 2.969322075843811035e+02 2.573448877334594727e+02 6.899865174293518066e+01
7.970239871740341187e+01 7.175749355554580688e+01 1.674716377258300781e+01 2.932974269390106201e+02 2.536060879230499268e+02 7.035472446680068970e+01
7.994544038176536560e+01 7.105349147319793701e+01 2.142513000965118408e+01 2.902103533744812012e+02 2.504306936264038086e+02 7.150645756721496582e+01
8.015582615137100220e+01 7.044409000873565674e+01 2.547452056407928467e+01 2.875380983352661133e+02 2.476819500923156738e+02 7.250343465805053711e+01
8.034087175130844116e+01 6.990810015797615051e+01 2.903609180450439453e+01 2.851877679824829102e+02 2.452643384933471680e+02 7.338030838966369629e+01
8.050584772229194641e+01 6.943023377656936646e+01 3.221142494678497314e+01 2.830923070907592773e+02 2.431089110374450684e+02 7.416208291053771973e+01
8.065467679500579834e+01 6.899912679195404053e+01 3.507605397701263428e+01 2.812018861770629883e+02 2.411643924713134766e+02 7.486736977100372314e+01
8.079034963250160217e+01 6.860615903139114380e+01 3.768728876113891602e+01 2.794786860942840576e+02 2.393918700218200684e+02 7.551026546955108643e+01
8.091517293453216553e+01 6.824459859728813171e+01 4.008978807926177979e+01 2.778932323455810547e+02 2.377610597610473633e+02 7.610176706314086914e+01
8.103097060322761536e+01 6.790917897224426270e+01 4.231859946250915527e+01 2.764224281311035156e+02 2.362481493949890137e+02 7.665050977468490601e+01
8.113921785354614258e+01 6.759563186764717102e+01 4.440207982063293457e+01 2.750474979877471924e+02 2.348338899612426758e+02 7.716347479820251465e+01
8.124110826849937439e+01 6.730048561096191406e+01 4.636326634883880615e+01 2.737532725334167480e+02 2.335026001930236816e+02 7.764632457494735718e+01
8.133764767646789551e+01 6.702086845040321350e+01 4.822129213809967041e+01 2.725271453857421875e+02 2.322413783073425293e+02 7.810378277301788330e+01
8.142964744567871094e+01 6.675437578558921814e+01 4.999208652973175049e+01 2.713585367202758789e+02 2.310393552780151367e+02 7.853975349664688110e+01
8.151782506704330444e+01 6.649896690249443054e+01 5.168923938274383545e+01 2.702385654449462891e+02 2.298873214721679688e+02 7.895760440826416016e+01
8.160278403759002686e+01 6.625287646055221558e+01 5.332446300983428955e+01 2.691594829559326172e+02 2.287773325443267822e+02 7.936020398139953613e+01
8.168504738807678223e+01 6.601458498835563660e+01 5.490789020061492920e+01 2.681145241260528564e+02 2.277025020122528076e+02 7.975004816055297852e+01
8.176509791612625122e+01 6.578272545337677002e+01 5.644858086109161377e+01 2.670978178977966309e+02 2.266566901206970215e+02 8.012937211990356445e+01
8.184333795309066772e+01 6.555608326196670532e+01 5.795455181598663330e+01 2.661039998531341553e+02 2.256344208717346191e+02 8.050014281272888184e+01
8.192015641927719116e+01 6.533357658982276917e+01 5.943308973312377930e+01 2.651283016204833984e+02 2.246307783126831055e+02 8.086416327953338623e+01
3.400000000000000000e+01 2.800000000000000000e+01 3.847715430861723007e+02 -1.000000000000000000e+00 -1.000000000000000000e+00 -1.000000000000000000e+00
9.679206663370132446e+01 2.225589589774608257e+01 3.456776013374328613e+02 7.623074406385421753e+01 3.032733368873596191e+01 1.513387134075164795e+02
9.651218482851982117e+01 2.306659290194511058e+01 3.402906527519226074e+02 7.978569173812866211e+01 3.398401427268981934e+01 1.500124206542968750e+02
9.634496250748634338e+01 2.355096252262591960e+01 3.370720615386962891e+02 8.190967345237731934e+01 3.616878187656402588e+01 1.492199918031692505e+02
9.624224731326103210e+01 2.384850108623504283e+01 3.350949754714965820e+02 8.321438187360763550e+01 3.751083695888519287e+01 1.487332155704498291e+02
9.617810228466987610e+01 2.403430441021918895e+01 3.338603546619415283e+02 8.402914011478424072e+01 3.834891355037689209e+01 1.484292467832565308e+02
9.613763445615768433e+01 2.415150532126426342e+01 3.330815603733062744e+02 8.454308116436004639e+01 3.887755477428436279e+01 1.482375135421752930e+02
9.611195230484008789e+01 2.422590287029742839e+01 3.325871994495391846e+02 8.486931973695755005e+01 3.921312558650970459e+01 1.481158008575439453e+02
9.609558412432670593e+01 2.427331873774528148e+01 3.322721292972564697e+02 8.507723563909530640e+01 3.942699027061462402e+01 1.480382254123687744e+02
9.608512350916862488e+01 2.430360981822013500e+01 3.320708742141723633e+02 8.521005713939666748e+01 3.956362056732177734e+01 1.479886641502380371e+02
9.607843810319900513e+01 2.432298676669597270e+01 3.319420983791351318e+02 8.529503101110458374e+01 3.965102910995483398e+01 1.479569693803787231e+02
9.607414656877517700e+01 2.433540070056914928e+01 3.318595757484436035e+02 8.534947240352630615e+01 3.970702326297760010e+01 1.479366590976715088e+02
9.607140401005744934e+01 2.434336194396018627e+01 3.318067064285278320e+02 8.538437837362289429e+01 3.974292838573455811e+01 1.479236354827880859e+02
9.606964045763015747e+01 2.434846618771552684e+01 3.317727913856506348e+02 8.540675991773605347e+01 3.976595246791839600e+01 1.479152908325195312e+02
9.606850722432136536e+01 2.435173624753951671e+01 3.317510356903076172e+02 8.542110973596572876e+01 3.978071069717407227e+01 1.479099264144897461e+02
9.606778302788734436e+01 2.435383842885493877e+01 3.317370882034301758e+02 8.543031865358352661e+01 3.979018998146057129e+01 1.479064991474151611e+02
9.606732034683227539e+01 2.435518579185008647e+01 3.317281475067138672e+02 8.543622696399688721e+01 3.979625713825225830e+01 1.479042937755584717e+02
9.606701859831809998e+01 2.435604879260062816e+01 3.317224254608154297e+02 8.544001185894012451e+01 3.980015671253204346e+01 1.479028781652450562e+02
9.606683084368705750e+01 2.435659953951835277e+01 3.317187299728393555e+02 8.544243329763412476e+01 3.980264580249786377e+01 1.479019691944122314e+02
9.606671014428138733e+01 2.435695604979991558e+01 3.317163755893707275e+02 8.544399046897888184e+01 3.980424296855926514e+01 1.479014029502868652e+02
9.606662967801094055e+01 2.435718962550162914e+01 3.317148258686065674e+02 8.544500374794006348e+01 3.980529046058654785e+01 1.479010155200958252e+02
1.700000000000000000e+01 7.000000000000000000e+00 3.877775551102203622e+02 -1.000000000000000000e+00 -1.000000000000000000e+00 -1.000000000000000000e+00
9.682794788479804993e+01 2.215195716917514446e+01 3.463682403564453125e+02 7.577496969699859619e+01 2.985851359367370605e+01 1.515087505578994751e+02
9.653319993615150452e+01 2.300572307407855632e+01 3.406951000690460205e+02 7.951877468824386597e+01 3.370946764945983887e+01 1.501119902133941650e+02
9.635772311687469482e+01 2.351400592923164012e+01 3.373176326751708984e+02 8.174762332439422607e+01 3.600209581851959229e+01 1.492804458141326904e+02
9.625015982985496521e+01 2.382558116316794994e+01 3.352472653388977051e+02 8.311389589309692383e+01 3.740746712684631348e+01 1.487707068920135498e+02
9.618307107686996460e+01 2.401991122961043956e+01 3.339559903144836426e+02 8.396603369712829590e+01 3.828398978710174561e+01 1.484528055191040039e+02
9.614077934622764587e+01 2.414239586889743450e+01 3.331420888900756836e+02 8.450313115119934082e+01 3.883646404743194580e+01 1.482524147033691406e+02
9.611395055055618286e+01 2.422011265158652904e+01 3.326256742477416992e+02 8.484392070770263672e+01 3.918700051307678223e+01 1.481252779960632324e+02
9.609685817360877991e+01 2.426962086558341625e+01 3.322967162132263184e+02 8.506101572513580322e+01 3.941031336784362793e+01 1.480442752838134766e+02
9.608594158291816711e+01 2.430124455690383556e+01 3.320865800380706787e+02 8.519968593120574951e+01 3.955295896530151367e+01 1.479925384521484375e+02
9.607896113395690918e+01 2.432146975398063304e+01 3.319521417617797852e+02 8.528839254379272461e+01 3.964419448375701904e+01 1.479594429731369019e+02
9.607448184490203857e+01 2.433443689346313121e+01 3.318660130500793457e+02 8.534524047374725342e+01 3.970266735553741455e+01 1.479382386207580566e+02
9.607161858677864075e+01 2.434273989498614910e+01 3.318108191490173340e+02 8.538165146112442017e+01 3.974012815952301025e+01 1.479246487617492676e+02
9.606977456808090210e+01 2.434806787967681529e+01 3.317754139900207520e+02 8.540501648187637329e+01 3.976415824890136719e+01 1.479159315824508667e+02
9.606860110163688660e+01 2.435148054361343029e+01 3.317527642250061035e+02 8.541997724771499634e+01 3.977954912185668945e+01 1.479103436470031738e+02
9.606784337759017944e+01 2.435367369651794078e+01 3.317381610870361328e+02 8.542960339784622192e+01 3.978945362567901611e+01 1.479067673683166504e+02
9.606735387444496155e+01 2.435508006811141613e+01 3.317288627624511719e+02 8.543575757741928101e+01 3.979578006267547607e+01 1.479044725894927979e+02
9.606704542040824890e+01 2.435597994923591258e+01 3.317228426933288574e+02 8.543972128629684448e+01 3.979985594749450684e+01 1.479029824733734131e+02
9.606684425473213196e+01 2.435656511783599498e+01 3.317189683914184570e+02 8.544226938486099243e+01 3.980247986316680908e+01 1.479020287990570068e+02
9.606671684980392456e+01 2.435693883895873668e+01 3.317164947986602783e+02 8.544391596317291260e+01 3.980417037010192871e+01 1.479014327526092529e+02
9.606663638353347778e+01 2.435716995596885326e+01 3.317149748802185059e+02 8.544492924213409424e+01 3.980520749092102051e+01 1.479010453224182129e+02
2.000000000000000000e+01 0.000000000000000000e+00 4.789599198396793440e+02 4.130000000000000000e+02 1.720000000000000000e+02 4.789599198396793440e+02
9.470770189166069031e+01 2.829342702031135204e+01 3.055591454505920410e+02 1.027055850028991699e+02 5.755983954668045044e+01 1.414613744020462036e+02
9.512389355897903442e+01 2.708790102601050975e+01 3.135696520805358887e+02 9.741930866241455078e+01 5.212227731943130493e+01 1.434336026906967163e+02
9.542764702439308167e+01 2.620805086195468547e+01 3.194161524772644043e+02 9.356112235784530640e+01 4.815367746353149414e+01 1.448730250597000122e+02
9.564094969630241394e+01 2.559019395709037425e+01 3.235217204093933105e+02 9.085179322957992554e+01 4.536680936813354492e+01 1.458838304281234741e+02
9.578650647401809692e+01 2.516857752203940990e+01 3.263232579231262207e+02 8.900299125909805298e+01 4.346509796380996704e+01 1.465735902786254883e+02
9.588383042812347412e+01 2.488667377829551342e+01 3.281965126991271973e+02 8.776682072877883911e+01 4.219355154037475586e+01 1.470347812175750732e+02
9.594800227880477905e+01 2.470079423487186077e+01 3.294316401481628418e+02 8.695173466205596924e+01 4.135514307022094727e+01 1.473388841152191162e+02
9.598991850018501282e+01 2.457937666773795726e+01 3.302384188175201416e+02 8.641931617259979248e+01 4.080748623609542847e+01 1.475375165939331055e+02
9.601712951064109802e+01 2.450056576728820446e+01 3.307621350288391113e+02 8.607372099161148071e+01 4.045200270414352417e+01 1.476664563417434692e+02
9.603471809625625610e+01 2.444961184263229015e+01 3.311006894111633301e+02 8.585028553009033203e+01 4.022217154502868652e+01 1.477498134374618530e+02
9.604606384038925171e+01 2.441675388813018444e+01 3.313190212249755859e+02 8.570621365308761597e+01 4.007396697998046875e+01 1.478035619258880615e+02
9.605336615443229675e+01 2.439560176432132366e+01 3.314595689773559570e+02 8.561345392465591431e+01 3.997856223583221436e+01 1.478381624221801758e+02
9.605806002020835876e+01 2.438200274109840038e+01 3.315499296188354492e+02 8.555382692813873291e+01 3.991722691059112549e+01 1.478604247570037842e+02
9.606107750535011292e+01 2.437326700985431316e+01 3.316079845428466797e+02 8.551551604270935059e+01 3.987781631946563721e+01 1.478747149705886841e+02
9.606301540136337280e+01 2.436765873432159069e+01 3.316452374458312988e+02 8.549092167615890503e+01 3.985252094268798828e+01 1.478838791847229004e+02
9.606425592303276062e+01 2.436405920982360485e+01 3.316691985130310059e+02 8.547513389587402344e+01 3.983629000186920166e+01 1.478897800445556641e+02
9.606505388021469116e+01 2.436174558103084209e+01 3.316845467090606689e+02 8.546499365568161011e+01 3.982585656642913818e+01 1.478935649394989014e+02
9.606557020545005798e+01 2.436025561392306926e+01 3.316944410800933838e+02 8.545845949649810791e+01 3.981913602352142334e+01 1.478959938287734985e+02
9.606589877605438232e+01 2.435930410027503612e+01 3.317007889747619629e+02 8.545427972078323364e+01 3.981483197212219238e+01 1.478975584506988525e+02
9.606610664725303650e+01 2.435869434475898387e+01 3.317048420906066895e+02 8.545160496234893799e+01 3.981208360195159912e+01 1.478985568284988403e+02
2.000000000000000000e+01 1.230000000000000000e+02 3.376773547094188075e+02 -1.000000000000000000e+00 -1.000000000000000000e+00 -1.000000000000000000e+00
9.586895087361335754e+01 2.492977710068225505e+01 3.279100527763366699e+02 8.795583450794219971e+01 4.238798058032989502e+01 1.469642689228057861e+02
9.593823903799057007e+01 2.472907902300357463e+01 3.292436769008636475e+02 8.707577192783355713e+01 4.148272448778152466e+01 1.472926011085510254e+02
9.598356166481971741e+01 2.459779718518256786e+01 3.301160206794738770e+02 8.650008791685104370e+01 4.089056998491287231e+01 1.475073864459991455e+02
9.601301231980323792e+01 2.451249533891677501e+01 3.306828608512878418e+02 8.612603151798248291e+01 4.050580853223800659e+01 1.476469358205795288e+02
9.603206270933151245e+01 2.445730754733085277e+01 3.310495486259460449e+02 8.588404411077499390e+01 4.025689435005187988e+01 1.477372219562530518e+02
9.604435393214225769e+01 2.442171306908130290e+01 3.312860598564147949e+02 8.572795444726943970e+01 4.009633767604827881e+01 1.477954556941986084e+02
9.605225974321365356e+01 2.439879560470580699e+01 3.314383497238159180e+02 8.562746846675872803e+01 3.999297821521759033e+01 1.478329470157623291e+02
9.605734923481941223e+01 2.438405820727347972e+01 3.315362801551818848e+02 8.556284213066101074e+01 3.992649877071380615e+01 1.478570570945739746e+02
9.606062152981758118e+01 2.437458732724189403e+01 3.315992226600646973e+02 8.552130514383316040e+01 3.988377976417541504e+01 1.478725543022155762e+02
9.606272035837173462e+01 2.436850452423095348e+01 3.316396346092224121e+02 8.549462461471557617e+01 3.985632717609405518e+01 1.478825082778930664e+02
9.606406816840171814e+01 2.436460012197494152e+01 3.316655924320220947e+02 8.547750318050384521e+01 3.983871686458587646e+01 1.478888859748840332e+02
9.606493318080902100e+01 2.436209225654601696e+01 3.316822519302368164e+02 8.546651357412338257e+01 3.982741224765777588e+01 1.478929986953735352e+02
9.606548973917961121e+01 2.436048427224158885e+01 3.316929211616516113e+02 8.545945787429809570e+01 3.982016277313232422e+01 1.478956212997436523e+02
9.606584513187408447e+01 2.435945162177085521e+01 3.316997756958007812e+02 8.545493537187576294e+01 3.981550610065460205e+01 1.478973200321197510e+02
9.606607311964035034e+01 2.435878777503966930e+01 3.317041864395141602e+02 8.545202964544296265e+01 3.981251919269561768e+01 1.478983929157257080e+02
9.606622064113616943e+01 2.435836488008498790e+01 3.317070176601409912e+02 8.545016700029373169e+01 3.981060051918029785e+01 1.478990932703018188e+02
9.606631451845169067e+01 2.435808950662612560e+01 3.317088356018066406e+02 8.544896745681762695e+01 3.980936634540557861e+01 1.478995403051376343e+02
9.606638157367706299e+01 2.435791248083114269e+01 3.317100276947021484e+02 8.544818514585494995e+01 3.980855739116668701e+01 1.478998234272003174e+02
9.606641510128974915e+01 2.435779938101768138e+01 3.317107727527618408e+02 8.544768595695495605e+01 3.980804920196533203e+01 1.479000171422958374e+02
9.606644192337989807e+01 2.435773053765296581e+01 3.317112197875976562e+02 8.544738048315048218e+01 3.980773806571960449e+01 1.479001214504241943e+02
0.000000000000000000e+00 0.000000000000000000e+00 7.715631262525049294e+01 2.710000000000000000e+02 1.980000000000000000e+02 7.715631262525049294e+01
8.380195403099060059e+01 5.988279992341995239e+01 9.565264189243316650e+01 2.412263920307159424e+02 2.000448751449584961e+02 8.978156948089599609e+01
8.394232073426246643e+01 5.947621592879295349e+01 9.835434162616729736e+01 2.394434978961944580e+02 1.982109551429748535e+02 9.044673496484756470e+01
8.409368449449539185e+01 5.903777712583541870e+01 1.012677049040794373e+02 2.375209202766418457e+02 1.962333524227142334e+02 9.116401726007461548e+01
8.425771498680114746e+01 5.856264972686767578e+01 1.044248288273811340e+02 2.354374697208404541e+02 1.940902874469757080e+02 9.194131398200988770e+01
8.443637022376060486e+01 5.804515907168388367e+01 1.078634803891181946e+02 2.331682612895965576e+02 1.917561225891113281e+02 9.278792345523834229e+01
8.463196361064910889e+01 5.747861260175704956e+01 1.116281172037124634e+02 2.306839098930358887e+02 1.892006776332855225e+02 9.371479058265686035e+01
8.484723100066184998e+01 5.685506874322891235e+01 1.157714521288871765e+02 2.279496511220932007e+02 1.863881719112396240e+02 9.473489427566528320e+01
8.508541116118431091e+01 5.616515004634857178e+01 1.203558390736579895e+02 2.249243428707122803e+02 1.832762908935546875e+02 9.586359018087387085e+01
8.535034635663032532e+01 5.539776289463043213e+01 1.254550238847732544e+02 2.215593030452728271e+02 1.798149416446685791e+02 9.711902791261672974e+01
8.564654269814491272e+01 5.453979754447937012e+01 1.311560591459274292e+02 2.177970876693725586e+02 1.759450705051422119e+02 9.852265024185180664e+01
8.597929754853248596e+01 5.357595109939575195e+01 1.375606825351715088e+02 2.135705670118331909e+02 1.715975844860076904e+02 1.000994911193847656e+02
8.635470622777938843e+01 5.248855048418045044e+01 1.447862854003906250e+02 2.088022699356079102e+02 1.666928327083587646e+02 1.018784662485122681e+02
8.677962177991867065e+01 5.125773930549621582e+01 1.529648324251174927e+02 2.034051140546798706e+02 1.611412183046340942e+02 1.038920527100563049e+02
8.726144039630889893e+01 4.986212694644927979e+01 1.622384806871414185e+02 1.972852816581726074e+02 1.548462371826171875e+02 1.061752607822418213e+02
8.780749121308326721e+01 4.828043097257614136e+01 1.727485826015472412e+02 1.903494914770126343e+02 1.477119556665420532e+02 1.087628921270370483e+02
8.842399024963378906e+01 4.649470293521881104e+01 1.846144815683364868e+02 1.825189908742904663e+02 1.396573642492294312e+02 1.116843243837356567e+02
8.911408239603042603e+01 4.449580141901969910e+01 1.978968700170516968e+02 1.737537106275558472e+02 1.306412477493286133e+02 1.149545034170150757e+02
8.987504521012306213e+01 4.229160898923873901e+01 2.125433852672576904e+02 1.640882363319396973e+02 1.206991586685180664e+02 1.185605322718620300e+02
9.069478192925453186e+01 3.991716445982456207e+01 2.283211966753005981e+02 1.536761989593505859e+02 1.099891334772109985e+02 1.224450936317443848e+02
9.154881739616394043e+01 3.744338387250900269e+01 2.447590997219085693e+02 1.428285559415817261e+02 9.883105134963989258e+01 1.264921596050262451e+02
3.080000000000000000e+02 5.900000000000000711e+01 2.034088176352705091e+02 2.760000000000000000e+02 1.900000000000000000e+01 2.034088176352705091e+02
9.197076910734176636e+01 3.622117073833942413e+01 2.528805007934570312e+02 1.374690999984741211e+02 9.331821489334105024e+01 1.284916868209838867e+02
9.280417168140411377e+01 3.380716094374656677e+01 2.689212431907653809e+02 1.268835535049438477e+02 8.242973750829696655e+01 1.324409862756729126e+02
9.356773623824119568e+01 3.159543508291244152e+01 2.836178114414215088e+02 1.171850433349609375e+02 7.245366716384887695e+01 1.360593309402465820e+02
9.422431418299674988e+01 2.969359287619590404e+01 2.962552478313446045e+02 1.088453849554061890e+02 6.387534528970718384e+01 1.391707231998443604e+02
9.475445279479026794e+01 2.815800966322421672e+01 3.064589669704437256e+02 1.021117811799049377e+02 5.694903761148452759e+01 1.416829248666763306e+02
9.515867510437965393e+01 2.698714876174926403e+01 3.142391314506530762e+02 9.697751158475875854e+01 5.166783690452575684e+01 1.435984244346618652e+02
9.545243063569068909e+01 2.613625706732272747e+01 3.198931982517242432e+02 9.324630552530288696e+01 4.782984685897827148e+01 1.449904760122299194e+02
9.565804207324981689e+01 2.554068574309348705e+01 3.238506784439086914e+02 9.063469076156616211e+01 4.514350169897079468e+01 1.459648331403732300e+02
9.579801985621452332e+01 2.513523274660110118e+01 3.265448381900787354e+02 8.885677361488342285e+01 4.331469470262527466e+01 1.466281434297561646e+02
9.589146131277084351e+01 2.486457014083861949e+01 3.283433487415313721e+02 8.766991102695465088e+01 4.209386867284774780e+01 1.470709463357925415e+02
9.595300459861755371e+01 2.468631008267402294e+01 3.295278420448303223e+02 8.688823336362838745e+01 4.128982001543045044e+01 1.473625769615173340e+02
9.599317067861557007e+01 2.456995987892150524e+01 3.303009738922119141e+02 8.637802505493164062e+01 4.076501095294952393e+01 1.475529243946075439e+02
9.601923504471778870e+01 2.449447312951087596e+01 3.308026065826416016e+02 8.604700320959091187e+01 4.042451900243759155e+01 1.476764252185821533e+02
9.603607931733131409e+01 2.444567793607711437e+01 3.311268558502197266e+02 8.583303743600845337e+01 4.020442640781402588e+01 1.477562507390975952e+02
9.604693555831909180e+01 2.441422143578529003e+01 3.313358595371246338e+02 8.569509738683700562e+01 4.006253790855407715e+01 1.478077044486999512e+02
9.605392941832542419e+01 2.439396919310092571e+01 3.314704170227050781e+02 8.560629391670227051e+01 3.997119867801666260e+01 1.478408446311950684e+02
9.605842211842536926e+01 2.438095533847808483e+01 3.315569033622741699e+02 8.554922991991043091e+01 3.991249763965606689e+01 1.478621383905410767e+02
9.606131219863891602e+01 2.437259086966514232e+01 3.316124846935272217e+02 8.551254326105117798e+01 3.987476718425750732e+01 1.478758176565170288e+02
9.606316292285919189e+01 2.436722108721732738e+01 3.316481580734252930e+02 8.548900687694549561e+01 3.985055041313171387e+01 1.478845944404602051e+02
9.606434980034828186e+01 2.436377891898154857e+01 3.316710462570190430e+02 8.547391200065612793e+01 3.983502471446990967e+01 1.478902270793914795e+02
